ParName   Value   Gradient
MGparm[1]     0.145041      0.15265
MGparm[2]      15.8469   -0.0176967
MGparm[3]      54.4429   -0.0771789
MGparm[4]     0.133149   -0.0391368
MGparm[5]     0.188828   -0.0168014
MGparm[6]    0.0261391  -0.00812275
MGparm[13]     0.153845    0.0838622
MGparm[14]       16.537   -0.0116605
MGparm[15]      43.2105   -0.0445958
MGparm[16]     0.202359   -0.0216352
MGparm[17]      0.13652  -0.00749152
MGparm[18]     0.046611  -0.00655508
SR_parm[1]      9.64102    -0.713393
SR_parm[2]     0.887241   -0.0214864
recdev_early(1845) 5.25876e-007 -9.56741e-008
recdev_early(1846) 6.07892e-007 -1.11024e-007
recdev_early(1847) 7.02627e-007 -1.27868e-007
recdev_early(1848) 8.12003e-007 -1.46956e-007
recdev_early(1849) 9.38159e-007 -1.71919e-007
recdev_early(1850)  1.0838e-006 -1.9674e-007
recdev_early(1851) 1.25172e-006 -2.26881e-007
recdev_early(1852) 1.44524e-006 -2.62861e-007
recdev_early(1853) 1.66822e-006 -3.02823e-007
recdev_early(1854) 1.92495e-006 -3.48787e-007
recdev_early(1855) 2.22031e-006 -4.02875e-007
recdev_early(1856) 2.55991e-006 -4.64582e-007
recdev_early(1857) 2.95008e-006 -5.33463e-007
recdev_early(1858) 3.39781e-006 -6.14619e-007
recdev_early(1859) 3.91116e-006 -7.07085e-007
recdev_early(1860) 4.49908e-006 -8.12993e-007
recdev_early(1861) 5.17162e-006 -9.33586e-007
recdev_early(1862) 5.93992e-006 -1.07106e-006
recdev_early(1863) 6.81632e-006 -1.22919e-006
recdev_early(1864) 7.81462e-006 -1.40743e-006
recdev_early(1865)  8.9499e-006 -1.61062e-006
recdev_early(1866) 1.02389e-005 -1.84009e-006
recdev_early(1867) 1.16999e-005 -2.10189e-006
recdev_early(1868) 1.33523e-005 -2.3948e-006
recdev_early(1869) 1.52158e-005 -2.72787e-006
recdev_early(1870) 1.73114e-005 -3.09893e-006
recdev_early(1871) 1.96664e-005 -3.51721e-006
recdev_early(1872) 2.23217e-005 -3.9868e-006
recdev_early(1873) 2.53264e-005 -4.51811e-006
recdev_early(1874) 2.87296e-005 -5.11924e-006
recdev_early(1875) 3.25839e-005 -5.79945e-006
recdev_early(1876) 3.69485e-005 -6.5688e-006
recdev_early(1877) 4.18909e-005 -7.43884e-006
recdev_early(1878) 4.74868e-005 -8.4223e-006
recdev_early(1879)  5.3822e-005 -9.53425e-006
recdev_early(1880) 6.09933e-005 -1.07924e-005
recdev_early(1881) 6.91093e-005 -1.22141e-005
recdev_early(1882) 7.82928e-005  -1.382e-005
recdev_early(1883) 8.86816e-005 -1.56353e-005
recdev_early(1884)  0.000100432 -1.76867e-005
recdev_early(1885)  0.000113721 -2.00022e-005
recdev_early(1886)  0.000128747 -2.26181e-005
recdev_early(1887)  0.000145734 -2.55718e-005
recdev_early(1888)  0.000164935 -2.89055e-005
recdev_early(1889)  0.000186635 -3.26685e-005
recdev_early(1890)  0.000211156 -3.69155e-005
recdev_early(1891)  0.000238861 -4.17075e-005
recdev_early(1892)  0.000270159 -4.71138e-005
recdev_early(1893)  0.000305511 -5.32115e-005
recdev_early(1894)  0.000345437 -6.00891e-005
recdev_early(1895)  0.000390509 -6.78424e-005
recdev_early(1896)   0.00044139 -7.65824e-005
recdev_early(1897)  0.000498823 -8.64342e-005
recdev_early(1898)  0.000563625 -9.75347e-005
recdev_early(1899)  0.000636729 -0.000110039
recdev_early(1900)  0.000719173 -0.000124123
recdev_early(1901)  0.000812147 -0.000139981
recdev_early(1902)  0.000916994 -0.000157836
recdev_early(1903)   0.00103518  -0.00017793
recdev_early(1904)   0.00116838 -0.000200536
recdev_early(1905)   0.00131849 -0.000225967
recdev_early(1906)   0.00148761 -0.000254566
recdev_early(1907)   0.00167801  -0.00028671
recdev_early(1908)   0.00189243 -0.000322833
recdev_early(1909)    0.0021325 -0.000363407
recdev_early(1910)    0.0024003 -0.000408968
recdev_early(1911)   0.00270181 -0.000460087
recdev_early(1912)   0.00303945  -0.00051735
recdev_early(1913)   0.00341665 -0.000581331
recdev_early(1914)   0.00383634 -0.000652576
recdev_early(1915)   0.00429978 -0.000731498
recdev_early(1916)   0.00480832 -0.000818579
recdev_early(1917)   0.00536514 -0.000914597
recdev_early(1918)    0.0059733  -0.00102048
recdev_early(1919)   0.00663965  -0.00113739
recdev_early(1920)   0.00736501  -0.00126606
recdev_early(1921)   0.00814913  -0.00140718
recdev_early(1922)   0.00899021  -0.00156119
recdev_early(1923)   0.00988733  -0.00172859
recdev_early(1924)    0.0108433  -0.00191027
recdev_early(1925)    0.0118581  -0.00210653
recdev_early(1926)    0.0129337  -0.00231794
recdev_early(1927)     0.014067  -0.00254499
recdev_early(1928)    0.0152575  -0.00278826
recdev_early(1929)    0.0165261  -0.00304933
recdev_early(1930)    0.0179413  -0.00333014
recdev_early(1931)    0.0196915  -0.00363633
recdev_early(1932)    0.0220304  -0.00397009
recdev_early(1933)    0.0252451  -0.00432991
recdev_early(1934)    0.0308086  -0.00473812
recdev_early(1935)    0.0406796  -0.00523119
recdev_early(1936)    0.0557775  -0.00577577
recdev_early(1937)     0.075912  -0.00628369
recdev_early(1938)    0.0983483  -0.00688452
recdev_early(1939)     0.113146  -0.00736384
recdev_early(1940)     0.104559  -0.00779441
recdev_early(1941)    0.0661652  -0.00802245
recdev_early(1942)    0.0111272  -0.00789235
recdev_early(1943)   -0.0352092  -0.00799217
recdev_early(1944)   -0.0519998  -0.00828381
recdev_early(1945)   -0.0495759  -0.00869331
recdev_early(1946)   -0.0824149  -0.00882652
recdev_early(1947)    -0.173779  -0.00848203
recdev_early(1948)    -0.269129   -0.0079682
recdev_early(1949)    -0.326687  -0.00777169
recdev_early(1950)    -0.328431  -0.00782619
recdev_early(1951)     -0.27233  -0.00856948
recdev_early(1952)    -0.188845  -0.00950752
recdev_early(1953)    -0.133905   -0.0101207
recdev_early(1954)    -0.111459    -0.010481
recdev_early(1955)    -0.113473   -0.0104953
recdev_early(1956)    -0.122952   -0.0103126
recdev_early(1957)    -0.121848   -0.0102372
recdev_early(1958)    -0.103287   -0.0101936
recdev1(1959)   -0.0800852  -0.00646193
recdev1(1960)     0.206979  -0.00938236
recdev1(1961)     0.172277  -0.00858886
recdev1(1962)    -0.237563  -0.00416032
recdev1(1963)    -0.152115  -0.00457876
recdev1(1964)      0.20903  -0.00788248
recdev1(1965)      0.13189  -0.00689246
recdev1(1966)     0.852251   -0.0173416
recdev1(1967)    0.0088696   -0.0053565
recdev1(1968)    0.0670469  -0.00558984
recdev1(1969)    -0.018015  -0.00458486
recdev1(1970)    0.0381076  -0.00460017
recdev1(1971)   0.00195538  -0.00398179
recdev1(1972)    -0.199391  -0.00230303
recdev1(1973)    -0.368328  -0.00115444
recdev1(1974)    -0.100055   -0.0022608
recdev1(1975)    -0.077498  -0.00180986
recdev1(1976)     0.174215   -0.0026034
recdev1(1977)     0.081701  -0.00154127
recdev1(1978)    -0.220183  0.000384229
recdev1(1979)    -0.208182  0.000544272
recdev1(1980)   -0.0292207  0.000407822
recdev1(1981)     -0.15769   0.00107478
recdev1(1982)    -0.312519   0.00181859
recdev1(1983)    -0.116447   0.00154653
recdev1(1984)     0.312261  0.000957658
recdev1(1985)    -0.184335   0.00232477
recdev1(1986)    -0.720692   0.00289409
recdev1(1987)    -0.421051   0.00287958
recdev1(1988)    0.0243178   0.00270974
recdev1(1989)     0.258409   0.00258063
recdev1(1990)     0.265982   0.00266383
recdev1(1991)   -0.0502224   0.00314621
recdev1(1992)    -0.581038   0.00333141
recdev1(1993)    0.0997903   0.00322928
recdev1(1994)     0.270782   0.00314722
recdev1(1995)     -0.27406   0.00345792
recdev1(1996)    -0.131072   0.00338826
recdev1(1997)    -0.205821   0.00349261
recdev1(1998)     0.665388   0.00311348
recdev1(1999)     0.272841   0.00339376
recdev1(2000)   -0.0929774   0.00352769
recdev1(2001)    -0.256242   0.00360366
recdev1(2002)    -0.134729    0.0036586
recdev1(2003)    -0.333325   0.00370828
recdev1(2004)    -0.202665    0.0037677
recdev1(2005)    -0.141443   0.00380882
recdev1(2006)     0.470836   0.00382795
recdev1(2007)     0.640176   0.00378075
recdev1(2008)     0.937203   0.00373176
recdev1(2009)     0.130269   0.00378478
recdev1(2010)    -0.143137   0.00379516
recdev1(2011)    -0.209143   0.00375385
recdev1(2012)    0.0666706    0.0037685
Fcast_recruitments(2013)    -0.060343 -6.23605e-006
Fcast_recruitments(2014)            0            0
Fcast_recruitments(2015)            0            0
Fcast_recruitments(2016)            0            0
Fcast_recruitments(2017)            0            0
Fcast_recruitments(2018)            0            0
Fcast_recruitments(2019)            0            0
Fcast_recruitments(2020)            0            0
Fcast_recruitments(2021)            0            0
Fcast_recruitments(2022)            0            0
Fcast_recruitments(2023)            0            0
Fcast_recruitments(2024)            0            0
Fcast_recruitments(2025)            0            0
Fcast_recruitments(2026)            0            0
Q_parm[1]     -6.45784 -0.000218818
Q_parm[2]    -0.188546 -0.000679356
Q_parm[3]     -1.15376 -7.58926e-005
Q_parm[4]    -0.875155 -8.38088e-005
Q_parm[6]       0.1624 -3.12677e-005
Q_parm[8]     0.184158 -1.00741e-005
Q_parm[10]     0.508819 -1.18709e-005
Q_parm[13]     0.634646 3.06901e-005
selparm[1]       47.466   -0.0062485
selparm[3]      3.96232    0.0072375
selparm[7]      26.3112  0.000210471
selparm[8]      1.64777  0.000175286
selparm[9]     0.999915 -0.000124368
selparm[11]      -9.2119 -0.000349364
selparm[12]     -1.14102   0.00148458
selparm[16]      53.4968   -0.0224242
selparm[18]      5.35152    0.0526396
selparm[22]      30.6945   0.00544745
selparm[23]       1.2404    0.0016294
selparm[24]            1 -8.03527e-006
selparm[26]     -13.8282  -0.00247284
selparm[27]     -1.94374    0.0134304
selparm[31]      41.3514   -0.0155581
selparm[33]      4.62034    0.0145532
selparm[37]      28.9027   0.00577657
selparm[38]      1.54093   0.00101563
selparm[39]       0.9831  -0.00233507
selparm[41]     -14.9943 -0.000108982
selparm[42]     -2.56165   0.00460669
selparm[46]      42.9024   -0.0292517
selparm[48]      4.76609    0.0346514
selparm[52]      28.9757   0.00960764
selparm[53]      1.17852   0.00153636
selparm[54]            1 -9.30226e-006
selparm[56]     -10.7584  -0.00437946
selparm[57]     -1.50387    0.0153775
selparm[61]      35.2801 7.57061e-007
selparm[63]      4.23211 4.07658e-005
selparm[67]     -3.63836 -2.97513e-006
selparm[68]    -0.519843 2.78155e-005
selparm[72]      36.5368 -6.62655e-005
selparm[74]      4.63694  0.000168518
selparm[78]     -2.74121 -7.06957e-005
selparm[79]    -0.112425  0.000146035
selparm[83]      43.0595 -0.000282676
selparm[85]      5.17676  0.000661141
selparm[89]     -5.63635 -8.16398e-005
selparm[90]    -0.457107  0.000612636
selparm[94]    -0.688117  -0.00199605
selparm[95]     -2.45418  -0.00105362
selparm[96]     -1.92855 -0.000275787
selparm[97]    -0.917012 -0.000148276
selparm[98]    -0.578669 -9.16264e-005
selparm[99]     -2.98356 -2.4855e-005
selparm[100]      5.08283 -2.34034e-006
selparm[101]    -0.305932 5.60663e-005
selparm[102]     0.346139  -1.934e-005
selparm[103]     0.486076  2.7798e-005
selparm[104]    -0.800705 9.46214e-006
selparm[105]     0.999392 3.16112e-005
selparm[106]     0.815769 5.87295e-005
selparm[107]     0.999933 2.98974e-005
selparm[108]     -1.97654  -0.00486622
selparm[109]     -5.51533  -0.00249103
selparm[110]     -5.56964 -0.000603497
selparm[111]      -3.5383 -0.000166419
selparm[112]     -1.21987 -2.47245e-005
selparm[113]     -0.10265 5.66049e-005
selparm[114]      1.37551 -5.15775e-006
selparm[115]     -2.10351 -3.99655e-006
selparm[116]    0.0974328 8.35331e-006
selparm[117]     0.256026 -1.43641e-005
selparm[118]     0.314644 1.44202e-006
selparm[119]     0.993551 -9.08356e-005
selparm[120]     0.993513 7.37218e-006
selparm[121]     0.999592 -2.38677e-005
selparm[122]     -2.45754  -0.00356355
selparm[123]      3.73801  -0.00124897
selparm[124]      7.52929 -0.000190917
selparm[125]      5.10203 -9.77652e-006
selparm[126]      5.84152 -1.54317e-005
selparm[127]     -3.36452 -5.64536e-005
selparm[128]      3.89471 -3.77535e-005
selparm[129]     -4.58654 -1.65911e-005
selparm[130]     0.376852 2.24726e-006
selparm[131]     0.103394 1.22107e-005
selparm[132]   -0.0324122 -4.51293e-005
selparm[133]     0.998597 3.80116e-005
selparm[134]     0.915459 -1.04856e-005
selparm[135]     0.996603 -1.17336e-005
selparm[136]     -5.21322  -0.00598783
selparm[137]     -7.57404  -0.00172641
selparm[138]     0.311654 -0.000333041
selparm[139]      3.03977 -4.92579e-005
selparm[140]      2.51238 -3.93912e-005
selparm[141]     -1.62557 2.75026e-005
selparm[142]     -1.19822 -0.000123661
selparm[143]    -0.406987 6.96876e-005
selparm[144]     0.620676 -3.93429e-005
selparm[145]     0.347404 -4.79118e-005
selparm[146]     0.262446 -1.31625e-005
selparm[147]     0.999907 1.53169e-005
selparm[148]     0.999752 2.86024e-005
selparm[149]            1 -4.8524e-005
