#Title, #runnumber: 39 petrale15.dat petrale15.ctl 1521.08 33730.8 10543.2 StartTime: Thu Oct 13 20:34:55 2016
SSv3_default_rebuild.dat
# Number of sexes
2
# Age range to consider (minimum age; maximum age)
0 40
# Number of fleets
7
# First year of projection (Yinit)
2015
# First Year of rebuilding period (Ydecl)
2013
# Number of simulations
1000
# Maximum number of years
500
# Conduct projections with multiple starting values (0=No;else yes)
0
# Number of parameter vectors
1000
# Is the maximum age a plus-group (1=Yes;2=No)
1
# Generate future recruitments using historical recruitments (1)  historical recruits/spawner (2)  or a stock-recruitment (3)
3
# Constant fishing mortality (1) or constant Catch (2) projections
1
# Fishing mortality based on SPR (1) or actual rate (2)
1
# Pre-specify the year of recovery (or -1) to ignore
-1
# Fecundity-at-age
# 0 1 2 3 4 5 6 7 8 9 10 11 12 13 14 15 16 17 18 19 20 21 22 23 24 25 26 27 28 29 30 31 32 33 34 35 36 37 38 39 40 #runnumber: 39 petrale15.dat petrale15.ctl 1521.08 33730.8 10543.2
 0 0 0 0.00111982 0.0256062 0.135862 0.341775 0.578987 0.79862 0.996656 1.18316 1.36251 1.53429 1.697 1.84945 1.99093 2.12119 2.24028 2.3501 2.44934 2.53863 2.61866 2.69018 2.75392 2.81058 2.86086 2.9054 2.94478 2.97957 3.01025 3.0373 3.06112 3.08208 3.1005 3.1167 3.13092 3.14341 3.15438 3.16399 3.17243 3.18568 #female fecundity; weighted by N in year Y_init across morphs and areas
# Age specific selectivity and weight adjusted for discard and discard mortality
 #wt and selex for gender,fleet: 1 1
 0.0026432 0.054632 0.21342 0.370931 0.519842 0.656984 0.786399 0.913241 1.04201 1.1762 1.31803 1.46771 1.62221 1.77554 1.92169 2.05747 2.18211 2.29655 2.40101 2.49519 2.57976 2.65544 2.72298 2.78309 2.83648 2.88381 2.9257 2.96272 2.99539 3.02421 3.04959 3.07193 3.09159 3.10886 3.12404 3.13737 3.14907 3.15934 3.16835 3.17625 3.18866
 0 0 0 0 0 0 0 0 0 0 0 0 0 0 0 0 0 0 0 0 0 0 0 0 0 0 0 0 0 0 0 0 0 0 0 0 0 0 0 1 0
 #wt and selex for gender,fleet: 1 2
 0.0026432 0.0278513 0.105868 0.220391 0.358628 0.509959 0.668561 0.831302 0.996126 1.16124 1.32481 1.48501 1.64009 1.78853 1.92913 2.06097 2.18342 2.29702 2.40121 2.49528 2.5798 2.65546 2.72299 2.7831 2.83648 2.88381 2.9257 2.96272 2.99539 3.02421 3.04959 3.07193 3.09159 3.10886 3.12404 3.13737 3.14907 3.15934 3.16835 3.17625 3.18866
 0 0 0 0 0 0 0 0 0 0 0 0 0 0 0 0 0 0 0 0 0 0 0 0 0 0 0 0 0 0 0 0 0 0 0 0 0 0 0 1 0
 #wt and selex for gender,fleet: 1 3
 0.0026432 0.03304 0.117476 0.226898 0.349235 0.478765 0.615906 0.763795 0.924883 1.09745 1.27488 1.44961 1.6169 1.77458 1.92159 2.05747 2.18211 2.29655 2.40101 2.49519 2.57976 2.65544 2.72298 2.78309 2.83648 2.88381 2.9257 2.96272 2.99539 3.02421 3.04959 3.07193 3.09159 3.10886 3.12404 3.13737 3.14907 3.15934 3.16835 3.17625 3.18866
 0 0 0 0 0 0 0 0 0 0 0 0 0 0 0 0 0 0 0 0 0 0 0 0 0 0 0 0 0 0 0 0 0 0 0 0 0 0 0 1 0
 #wt and selex for gender,fleet: 1 4
 0.0026432 0.0314722 0.113983 0.224181 0.349754 0.483715 0.624638 0.773798 0.932932 1.10178 1.27628 1.44985 1.61692 1.77458 1.92159 2.05747 2.18211 2.29655 2.40101 2.49519 2.57976 2.65544 2.72298 2.78309 2.83648 2.88381 2.9257 2.96272 2.99539 3.02421 3.04959 3.07193 3.09159 3.10886 3.12404 3.13737 3.14907 3.15934 3.16835 3.17625 3.18866
 0 0 0 0 0 0 0 0 0 0 0 0 0 0 0 0 0 0 0 0 0 0 0 0 0 0 0 0 0 0 0 0 0 0 0 0 0 0 0 1 0
 #wt and selex for gender,fleet: 2 1
 0.00286155 0.0216438 0.210519 0.305973 0.383478 0.449303 0.508713 0.565532 0.621911 0.678027 0.732433 0.783146 0.828691 0.868445 0.902473 0.931225 0.955309 0.975533 0.992449 1.00642 1.01795 1.02743 1.03522 1.04162 1.04686 1.05116 1.05468 1.05756 1.05992 1.06185 1.06343 1.06472 1.06577 1.06663 1.06734 1.06791 1.06838 1.06877 1.06908 1.06934 1.06965
 0 0 0 0 0 0 0 0 0 0 0 0 0 0 0 0 0 0 0 0 0 0 0 0 0 0 0 0 0 0 0 0 0 0 0 0 0 0 0 1 0
 #wt and selex for gender,fleet: 2 2
 0.00286155 0.0463784 0.16195 0.259014 0.346968 0.42582 0.497397 0.563451 0.62524 0.6833 0.737432 0.786994 0.831355 0.870205 0.903626 0.931992 0.955836 0.975929 0.992773 1.0067 1.01819 1.02764 1.03541 1.0418 1.04703 1.05132 1.05483 1.05771 1.06006 1.06199 1.06356 1.06485 1.0659 1.06676 1.06747 1.06804 1.06851 1.06889 1.06921 1.06946 1.06978
 0 0 0 0 0 0 0 0 0 0 0 0 0 0 0 0 0 0 0 0 0 0 0 0 0 0 0 0 0 0 0 0 0 0 0 0 0 0 0 1 0
 #wt and selex for gender,fleet: 2 3
 0.00286155 0.0688126 0.128547 0.173995 0.234977 0.317383 0.408819 0.498092 0.580677 0.654914 0.720305 0.777022 0.825627 0.866888 0.901653 0.930772 0.955044 0.975355 0.992312 1.00631 1.01785 1.02735 1.03515 1.04155 1.0468 1.05111 1.05463 1.05751 1.05987 1.0618 1.06338 1.06467 1.06573 1.06659 1.06729 1.06787 1.06834 1.06872 1.06904 1.0693 1.06961
 0 0 0 0 0 0 0 0 0 0 0 0 0 0 0 0 0 0 0 0 0 0 0 0 0 0 0 0 0 0 0 0 0 0 0 0 0 0 0 1 0
 #wt and selex for gender,fleet: 2 4
 0.00286155 0.0474267 0.126457 0.199186 0.268243 0.339451 0.417769 0.500582 0.581205 0.655007 0.72032 0.777025 0.825627 0.866888 0.901653 0.930772 0.955044 0.975355 0.992312 1.00631 1.01785 1.02735 1.03515 1.04155 1.0468 1.05111 1.05463 1.05751 1.05987 1.0618 1.06338 1.06467 1.06573 1.06659 1.06729 1.06787 1.06834 1.06872 1.06904 1.0693 1.06961
 0 0 0 0 0 0 0 0 0 0 0 0 0 0 0 0 0 0 0 0 0 0 0 0 0 0 0 0 0 0 0 0 0 0 0 0 0 0 0 1 0
# M and current age-structure in year Yinit: 2015
 # gender = 1
 0.145041 0.145041 0.145041 0.145041 0.145041 0.145041 0.145041 0.145041 0.145041 0.145041 0.145041 0.145041 0.145041 0.145041 0.145041 0.145041 0.145041 0.145041 0.145041 0.145041 0.145041 0.145041 0.145041 0.145041 0.145041 0.145041 0.145041 0.145041 0.145041 0.145041 0.145041 0.145041 0.145041 0.145041 0.145041 0.145041 0.145041 0.145041 0.145041 0.145041 0.145041
 7189.16 6155.96 4803.65 4437.7 2690 2322.86 2579.62 4759.11 2825.54 1808.69 714.163 446.282 235.29 161.327 75.8392 45.1148 31.5072 22.5925 4.63747 2.3716 0.929099 0.702506 0.271513 0.0666711 0.0564992 0.0357438 0.0154494 0.00499357 0.00124194 0.000332226 0.000198439 0.0001167 2.92809e-005 9.96688e-006 5.1242e-006 2.75321e-006 1.16458e-006 5.92214e-007 4.04902e-007 2.22266e-007 1.70697e-007
 # gender = 2
 0.153845 0.153845 0.153845 0.153845 0.153845 0.153845 0.153845 0.153845 0.153845 0.153845 0.153845 0.153845 0.153845 0.153845 0.153845 0.153845 0.153845 0.153845 0.153845 0.153845 0.153845 0.153845 0.153845 0.153845 0.153845 0.153845 0.153845 0.153845 0.153845 0.153845 0.153845 0.153845 0.153845 0.153845 0.153845 0.153845 0.153845 0.153845 0.153845 0.153845 0.153845
 7189.16 6102 4720.24 4325.86 2603.73 2215.56 2375.79 4155.33 2331.94 1410.36 509.022 276.685 125.53 76.9026 33.7726 19.4001 13.2529 9.1749 1.78453 0.864977 0.327462 0.244196 0.0933443 0.0222487 0.0180409 0.0106163 0.0041052 0.00115125 0.000252861 6.54228e-005 4.09402e-005 2.64257e-005 7.34695e-006 2.72346e-006 1.53275e-006 8.97675e-007 3.87968e-007 1.95237e-007 1.34625e-007 7.55631e-008 6.05881e-008
# Age-structure at Ydeclare= 2013
 6420.85 5936.79 3614.02 3162.47 3616.7 7012.35 4452.81 3071.28 1299.58 857.235 468.555 328.101 155.979 93.3157 65.3447 46.9079 9.63214 4.92632 1.92998 1.45929 0.564006 0.138494 0.117364 0.0742497 0.0320926 0.010373 0.00257985 0.000690125 0.000412212 0.000242417 6.08244e-005 2.07039e-005 1.06444e-005 5.71917e-006 2.41916e-006 1.23019e-006 8.41092e-007 4.61707e-007 1.78878e-007 8.76393e-008 8.80665e-008
 6420.85 5884.75 3551.21 3082.24 3500.07 6711.01 4154.03 2713.98 1027.87 573.004 263.038 161.965 71.2813 40.9834 28.0083 19.3935 3.77238 1.82857 0.692272 0.516248 0.197339 0.0470361 0.0381405 0.0224442 0.0086789 0.00243388 0.000534582 0.000138313 8.65531e-005 5.58676e-005 1.55325e-005 5.75776e-006 3.24045e-006 1.89781e-006 8.20218e-007 4.12759e-007 2.84617e-007 1.59751e-007 6.32866e-008 3.15908e-008 3.32143e-008
# Year for Tmin Age-structure (set to Ydecl by SS)
2013
#  recruitment and biomass
# Number of historical assessment years
141
# Historical data
# year recruitment spawner in B0 in R project in R/S project
1875  1876 1877 1878 1879 1880 1881 1882 1883 1884 1885 1886 1887 1888 1889 1890 1891 1892 1893 1894 1895 1896 1897 1898 1899 1900 1901 1902 1903 1904 1905 1906 1907 1908 1909 1910 1911 1912 1913 1914 1915 1916 1917 1918 1919 1920 1921 1922 1923 1924 1925 1926 1927 1928 1929 1930 1931 1932 1933 1934 1935 1936 1937 1938 1939 1940 1941 1942 1943 1944 1945 1946 1947 1948 1949 1950 1951 1952 1953 1954 1955 1956 1957 1958 1959 1960 1961 1962 1963 1964 1965 1966 1967 1968 1969 1970 1971 1972 1973 1974 1975 1976 1977 1978 1979 1980 1981 1982 1983 1984 1985 1986 1987 1988 1989 1990 1991 1992 1993 1994 1995 1996 1997 1998 1999 2000 2001 2002 2003 2004 2005 2006 2007 2008 2009 2010 2011 2012 2013 2014 2015 #years (with first value representing R0)
15383 15383.6 15383.7 15383.7 15383.8 15383.9 15383.9 15383.9 15383.8 15383.6 15383.3 15383 15382.7 15382.3 15382 15381.6 15381.2 15380.9 15380.6 15380.3 15380 15379.8 15379.7 15379.7 15379.8 15380 15380.4 15380.9 15381.6 15382.5 15383.7 15385.2 15387 15389.1 15391.6 15394.6 15398 15402.1 15406.7 15411.9 15417.9 15424.5 15432 15438.8 15447.8 15458.9 15472.1 15485.5 15498.4 15512.3 15526 15540.9 15556.9 15572.7 15590.1 15608.9 15633.8 15668.1 15714.8 15798.6 15942.1 16171.7 16492 16849.6 17080.3 16906.2 16244.8 15357.5 14630.9 14355.4 14328.4 13810.6 12529 11330.3 10609.1 10496.7 10983.3 11857 12443.8 12654.5 12521.2 12305.4 12239.6 12349.2 12523.6 16587 15884.6 10402.4 11179.7 15817.2 14605.2 30071.8 12952.3 13710 12617.5 13419.2 13002.7 10693.7 9034.2 11814.9 11945.5 15122.2 13607.3 9966.47 9822.99 11347.9 9807.26 8307.49 9923.71 15019.6 9172.45 5385.64 7176.27 10807 13386.4 13258.9 9462.66 5200.89 9992.44 12228.3 7645.99 9257.94 8666.16 20435.4 13929.5 9867.14 8416.08 9545.21 8000.18 9506.66 10312 18823.8 22215.1 29409.4 12974.3 9780.34 9661.28 13726.9 12841.7 14233.6 14378.3  #recruits; first value is R0 (virgin)
33730.8  33731 33730.4 33729.8 33729.3 33728.8 33721.5 33707.7 33687.8 33662.2 33631.3 33595.6 33555.4 33511.3 33463.6 33412.7 33358.8 33302.4 33243.6 33182.8 33120.2 33056 32990.2 32923.2 32855.1 32786.1 32716.2 32645.7 32574.5 32502.7 32430.5 32358 32285.1 32211.9 32138.6 32065.2 31991.7 31918.2 31844.8 31771.5 31698.3 31625.4 31556 31403.2 31327.1 31318 31381.2 31405.5 31347.1 31291.4 31172.6 31064.8 30970.4 30814.2 30677.9 30497.8 30363.4 30232.3 30030.7 29826.7 29149.4 28526.3 28134.5 27419.6 26597.3 25537.1 24639.6 24008.3 22899.1 21846.7 21356.8 21028.5 19900.2 19166.2 17552.3 16007.5 14320.7 13609.7 13015.1 12619 11827.9 11210.1 10816.6 10112.2 9532.9 9277.09 8831.58 8082.37 7449.03 6864.91 6739.47 6828.91 6881.71 6816.29 6916.36 7201.5 7459.72 7811.89 7830.99 7835.72 7162.59 6396.27 5873.54 5540.25 4770.78 4018.28 3715.63 3542.77 3287.67 3110.09 3151.36 3199.13 3048.76 2680.35 2506.66 2372.72 2223.58 1836.46 1708.25 1851.7 2296.89 2686.57 2768.71 2644.14 2729.62 2941.74 2987.53 3036.65 3306.23 3952.41 4347.68 4133.49 4062.37 3769.71 3588.34 3453.06 4402.3 5965.55 7896.55 9524.27 10543.2 #spbio; first value is SPB_virgin (virgin)
1 0 0 0 0 0 0 0 0 0 0 0 0 0 0 0 0 0 0 0 0 0 0 0 0 0 0 0 0 0 0 0 0 0 0 0 0 0 0 0 0 0 0 0 0 0 0 0 0 0 0 0 0 0 0 0 0 0 0 0 0 0 0 0 0 0 0 0 0 0 0 0 0 0 0 0 0 0 0 0 0 0 0 0 0 0 0 0 0 0 0 0 0 0 0 0 0 0 0 0 0 0 0 0 0 0 0 0 0 0 0 0 0 0 0 0 0 0 0 0 0 0 0 0 0 0 0 0 0 0 0 0 0 0 0 0 0 0 0 0 0  # in Bzero
0 1 1 1 1 1 1 1 1 1 1 1 1 1 1 1 1 1 1 1 1 1 1 1 1 1 1 1 1 1 1 1 1 1 1 1 1 1 1 1 1 1 1 1 1 1 1 1 1 1 1 1 1 1 1 1 1 1 1 1 1 1 1 1 1 1 1 1 1 1 1 1 1 1 1 1 1 1 1 1 1 1 1 1 1 1 1 1 1 1 1 1 1 1 1 1 1 1 1 1 1 1 1 1 1 1 1 1 1 1 1 1 1 1 1 1 1 1 1 1 1 1 1 1 1 1 1 1 1 1 1 1 1 1 1 1 1 1  0 0 0 # in R project
0 1 1 1 1 1 1 1 1 1 1 1 1 1 1 1 1 1 1 1 1 1 1 1 1 1 1 1 1 1 1 1 1 1 1 1 1 1 1 1 1 1 1 1 1 1 1 1 1 1 1 1 1 1 1 1 1 1 1 1 1 1 1 1 1 1 1 1 1 1 1 1 1 1 1 1 1 1 1 1 1 1 1 1 1 1 1 1 1 1 1 1 1 1 1 1 1 1 1 1 1 1 1 1 1 1 1 1 1 1 1 1 1 1 1 1 1 1 1 1 1 1 1 1 1 1 1 1 1 1 1 1 1 1 1 1 1 1  0 0 0 # in R/S project
# Number of years with pre-specified catches
0
# catches for years with pre-specified catches go next
# Number of future recruitments to override
2
# Process for overiding (-1 for average otherwise index in data list)
2014 1 2014
2015 1 2015
# Which probability to product detailed results for (1=0.5; 2=0.6; etc.)
3
# Steepness sigma-R Auto-correlation
0.887241 0.4 0
# Target SPR rate (FMSY Proxy); manually change to SPR_MSY if not using SPR_target
0.3
# Discount rate (for cumulative catch)
0.1
# Truncate the series when 0.4B0 is reached (1=Yes)
0
# Set F to FMSY once 0.4B0 is reached (1=Yes)
0
# Maximum possible F for projection (-1 to set to FMSY)
-1
# Defintion of recovery (1=now only;2=now or before)
2
# Projection type
4
# Definition of the 40-10 rule
10 40
# Calculate coefficients of variation (1=Yes)
0
# Number of replicates to use
10
# Random number seed
-99004
# File with multiple parameter vectors 
rebuild.SSO
# User-specific projection (1=Yes); Output replaced (1->9)
0  5
# Catches and Fs (Year; 1/2/3 (F or C or SPR); value); Final row is -1
2015 1 1
-1 -1 -1
# Fixed catch project (1=Yes); Output replaced (1->9); Approach (-1=Read in else 1-9)
0 2 -1
# Split of Fs
2015  0.42279
 0.330909
 0.112855
 0.133446
-1  1 1 1 1 1 1 1
# Yrs to define T_target for projection type 4 (a.k.a. 5 pre-specified inputs)
2020 2021 2022 2023 2024 
# Year for probability of recovery
2024 2025 2026 2027 2028 2029 2030 2031
# Time varying weight-at-age (1=Yes;0=No)
0
# File with time series of weight-at-age data
none
# Use bisection (0) or linear interpolation (1)
1
# Target Depletion
0.4
# CV of implementation error
0
